ImageFile:
0.27386 0.317547 173674 1 0.204978 0.273438 1 1 1680 0.0169305 -0.0225982 0.0399201 0.901162 2.22009 57.5877 
0.239008 0.349052 174025 1 0.204978 0.273438 2 1 1686 0.0302948 -0.0248471 0.0443182 1.22626 2.08668 57.5381 
0.263469 0.348254 174094 1 0.204978 0.273438 3 1 1687 0.0312458 -0.0250737 0.0511428 1.26294 2.02733 57.656 
0.254188 0.361232 174154 1 0.204978 0.273438 4 1 1688 0.0345659 -0.0230661 0.0529724 1.27429 1.98945 57.63 
0.259396 0.350653 174218 1 0.204978 0.273438 5 1 1689 0.0311256 -0.0234723 0.0526624 1.25066 1.97698 57.5881 
0.279411 0.328112 174282 1 0.204978 0.273438 6 1 1690 0.0326218 -0.0219851 0.0495176 1.25722 2.00548 57.6244 
0.287662 0.34055 174393 1 0.232064 0.27474 7 1 1692 0.033912 -0.0245185 0.0513161 1.22496 1.89545 57.5692 
0.287662 0.34055 174393 1 0.789165 0.546875 8 1 1692 0.033912 -0.0245185 0.0513161 1.22496 1.89545 57.5692 
0.474281 0.388902 174457 1 0.999268 0.858073 9 1 1693 0.0304983 -0.0267378 0.0470017 1.12812 2.00336 57.4771 
0.698505 0.478767 174586 1 0.999268 0.875 10 1 1695 0.0232502 -0.0284493 0.0451683 0.98026 2.2269 57.6907 
0.676667 0.496691 174634 1 0.999268 0.875 11 1 1696 0.0251331 -0.0316272 0.0496108 0.983568 2.17633 57.7798 
0.676667 0.496691 174634 1 0.999268 0.875 12 1 1696 0.0251331 -0.0316272 0.0496108 0.983568 2.17633 57.7798 
0.691031 0.53289 174762 1 0.999268 0.958333 13 1 1698 0.0317244 -0.028918 0.0520433 1.13583 2.09012 57.6546 
0.678669 0.483798 174826 1 0.999268 0.998698 14 1 1699 0.0287169 -0.0305934 0.0447725 1.09204 2.17932 57.5639 
0.68945 0.684749 174890 1 0.999268 0.998698 15 1 1700 0.0250385 -0.0291314 0.0415765 1.01403 2.35343 57.6506 
0.523428 0.576669 175002 1 0.999268 0.998698 16 1 1702 0.0236716 -0.0271342 0.0491527 1.01807 2.27022 57.6767 
0.516693 0.462702 175066 1 0.999268 0.998698 17 1 1703 0.0243483 -0.027971 0.0439515 1.05558 2.36636 57.789 
0.563399 0.554305 175129 1 0.999268 0.998698 18 1 1704 0.0263375 -0.0308523 0.0477784 1.07322 2.31927 57.8038 
0.563399 0.554305 175129 1 0.999268 0.998698 19 1 1704 0.0263375 -0.0308523 0.0477784 1.07322 2.31927 57.8038 
0.563399 0.554305 175129 1 0.999268 0.998698 20 1 1704 0.0263375 -0.0308523 0.0477784 1.07322 2.31927 57.8038 
0.563399 0.554305 175129 1 0.992679 0.998698 21 1 1704 0.0263375 -0.0308523 0.0477784 1.07322 2.31927 57.8038 
1.01042 1.16152 175371 1 0.990483 0.998698 22 1 1708 0.0251655 -0.0372969 0.0533514 0.983535 2.36718 57.958 
0.971143 1.07179 175435 1 0.990483 0.998698 23 1 1709 0.0271196 -0.0364017 0.0488696 0.986906 2.39128 58.0559 
0.992508 1.04126 175547 1 0.997072 0.989583 24 1 1711 0.0276047 -0.0354394 0.0448257 1.02503 2.40569 57.9506 
0.994862 1.02684 175610 1 0.999268 0.985677 25 1 1712 0.0291147 -0.035565 0.0479834 1.0281 2.34431 57.9477 
1.00359 1.06085 175675 1 0.999268 0.981771 26 1 1713 0.0302753 -0.0360041 0.0514545 1.0395 2.29257 57.9141 
1.0228 1.08564 175740 1 0.999268 0.981771 27 1 1714 0.0311023 -0.0364867 0.0507239 1.04969 2.27012 57.8673 
0.72337 1.11429 175858 1 0.999268 0.981771 28 1 1716 0.0350897 -0.0359205 0.0556214 1.19253 2.11757 57.8202 
0.453711 1.10329 175915 1 0.999268 0.981771 29 1 1717 0.0323049 -0.0391497 0.0570417 1.1384 1.99935 57.8307 
0.532714 0.657569 175979 1 0.999268 0.981771 30 1 1718 0.0275579 -0.0335527 0.0522225 1.0324 1.97421 57.546 
0.52009 0.496434 176090 1 0.999268 0.981771 31 1 1720 0.0371199 -0.0273552 0.0495664 1.34723 2.08091 57.5894 
0.52197 0.479805 176154 1 0.999268 0.981771 32 1 1721 0.0386636 -0.0280838 0.0441851 1.34181 2.09112 57.5377 
0.500545 0.42418 176219 1 0.999268 0.981771 33 1 1722 0.0345169 -0.0319193 0.0441188 1.19521 2.10051 57.5733 
0.511166 0.450502 176282 1 0.999268 0.981771 34 1 1723 0.0321037 -0.0317377 0.0493046 1.14804 2.05306 57.5412 
0.511999 0.335554 176347 1 0.999268 0.981771 35 1 1724 0.033873 -0.0335726 0.0457384 1.15671 2.08602 57.6151 
0.524056 0.269092 176395 1 0.999268 0.981771 36 1 1725 0.0344175 -0.0312874 0.0417612 1.18565 2.11366 57.5831 
0.221171 0.298943 176522 1 0.999268 0.981771 37 1 1727 0.0329894 -0.0295639 0.0439582 1.1629 2.05288 57.3992 
0.168252 0.271019 176586 1 0.999268 0.981771 38 1 1728 0.0331764 -0.028485 0.0448523 1.1838 2.06013 57.5195 
0.164746 0.23721 176652 1 0.999268 0.981771 39 1 1729 0.0327066 -0.0282884 0.0422345 1.18262 2.07179 57.5474 
0.160532 0.223278 176698 1 0.999268 0.981771 40 1 1730 0.0317758 -0.0294156 0.043479 1.18313 2.06697 57.4358 
0.167408 0.203181 176826 1 0.999268 0.981771 41 1 1732 0.0323354 -0.0273619 0.0410705 1.23464 2.07142 57.463 
0.167408 0.203181 176826 1 0.999268 0.981771 42 1 1732 0.0323354 -0.0273619 0.0410705 1.23464 2.07142 57.463 
0.159384 0.179252 176954 1 0.999268 0.981771 43 1 1734 0.0313023 -0.0258479 0.0400949 1.23798 2.12038 57.5975 
0.154768 0.240814 177003 1 0.999268 0.981771 44 1 1735 0.0323813 -0.0280671 0.0462262 1.25475 2.05811 57.5665 
0.188794 0.213164 177066 1 0.999268 0.981771 45 1 1736 0.0330904 -0.0201932 0.0436383 1.34411 2.11986 57.501 
0.179202 0.196769 177194 1 0.999268 0.981771 46 1 1738 0.0331074 -0.0205264 0.0405739 1.32731 2.2086 57.5437 
0.181218 0.198677 177258 1 0.999268 0.981771 47 1 1739 0.0307222 -0.0181449 0.0396927 1.3532 2.24672 57.5762 
0.162921 0.217204 177307 1 0.999268 0.981771 48 1 1740 0.0295218 -0.0198791 0.0442384 1.33461 2.23723 57.6791 
0.151982 0.185461 177433 1 0.999268 0.981771 49 1 1742 0.0300738 -0.0193015 0.0402403 1.31208 2.30941 57.6844 
0.154811 0.223074 177498 1 0.999268 0.981771 50 1 1743 0.0292161 -0.0176165 0.0405071 1.31986 2.36312 57.6317 
0.154811 0.223074 177498 1 0.999268 0.981771 51 1 1743 0.0292161 -0.0176165 0.0405071 1.31986 2.36312 57.6317 
0.177772 0.220913 177610 1 0.999268 0.981771 52 1 1745 0.0315355 -0.0213561 0.0428919 1.30962 2.34659 57.7067 
0.186724 0.234544 177677 1 0.999268 0.981771 53 1 1746 0.0317576 -0.0187818 0.0405868 1.37321 2.4062 57.6336 
0.166486 0.274555 177740 1 0.999268 0.981771 54 1 1747 0.0301746 -0.0205063 0.0435878 1.33788 2.39326 57.6278 
0.15773 0.228458 177865 1 0.999268 0.981771 55 1 1749 0.0278865 -0.0189047 0.0371746 1.30538 2.54312 57.8043 
0.162556 0.244147 177913 1 0.999268 0.981771 56 1 1750 0.0285922 -0.0182997 0.0352844 1.31721 2.5454 57.8105 
0.185826 0.197593 177981 1 0.999268 0.981771 57 1 1751 0.0303339 -0.0178089 0.0342838 1.34432 2.53767 57.8057 
0.18856 0.196868 178043 1 0.999268 0.981771 58 1 1752 0.0318202 -0.0204081 0.0384558 1.33949 2.46297 57.8153 
0.151156 0.246228 178170 1 0.999268 0.981771 59 1 1754 0.0306556 -0.0225728 0.0424122 1.28919 2.39474 57.7158 
0.167801 0.232378 178217 1 0.999268 0.981771 60 1 1755 0.0290835 -0.0183027 0.0373917 1.33604 2.4183 57.6551 
0.17916 0.224719 178281 1 0.999268 0.981771 61 1 1756 0.0314788 -0.0195343 0.0361448 1.35043 2.40564 57.6747 
0.113514 0.783988 178345 1 0.999268 0.981771 62 1 1757 0.0342996 -0.0254709 0.0402621 1.31473 2.33858 57.7736 
0.113514 0.783988 178345 1 0.999268 0.981771 63 1 1757 0.0342996 -0.0254709 0.0402621 1.31473 2.33858 57.7736 
0.113514 0.783988 178345 1 0.999268 0.981771 64 1 1757 0.0342996 -0.0254709 0.0402621 1.31473 2.33858 57.7736 
0.322206 1.11155 178410 1 0.999268 0.981771 65 1 1758 0.0353586 -0.0304716 0.0437268 1.26979 2.28558 57.8669 
0.460093 0.340946 178586 1 0.999268 0.981771 66 1 1761 0.0345983 -0.0264719 0.041183 1.29517 2.168 57.674 
0.460378 0.292289 178650 1 0.999268 0.981771 67 1 1762 0.0343234 -0.0264651 0.0434186 1.27142 2.12127 57.6256 
0.477589 0.244802 178778 1 0.999268 0.981771 68 1 1764 0.0333922 -0.0234652 0.0419992 1.28604 2.1272 57.5477 
0.489195 0.260148 178826 1 0.999268 0.981771 69 1 1765 0.033575 -0.0239575 0.0426784 1.27607 2.1198 57.5862 
0.495916 0.269087 178890 1 0.999268 0.981771 70 1 1766 0.0323184 -0.0263889 0.0445306 1.23872 2.10538 57.5934 
0.49718 0.297855 178956 1 0.999268 0.981771 71 1 1767 0.0313242 -0.0271505 0.04839 1.21271 2.048 57.5876 
0.502858 0.264143 179017 1 0.999268 0.981771 72 1 1768 0.0324697 -0.0271176 0.0463598 1.21885 2.04349 57.5661 
0.511767 0.270159 179131 1 0.999268 0.981771 73 1 1770 0.0325158 -0.0233168 0.04439 1.25303 2.03614 57.5248 
0.515323 0.257247 179194 1 0.999268 0.981771 74 1 1771 0.0311228 -0.02455 0.0419578 1.23219 2.04554 57.5028 
0.509696 0.253354 179260 1 0.999268 0.981771 75 1 1772 0.030377 -0.0244558 0.0431631 1.20714 2.05293 57.5281 
0.506969 0.273586 179322 1 0.999268 0.981771 76 1 1773 0.0323692 -0.0253979 0.0477246 1.18021 1.95576 57.5312 
0.515554 0.249771 179386 1 0.999268 0.981771 77 1 1774 0.0311975 -0.0236141 0.0447461 1.2017 1.99961 57.5216 
0.523479 0.267178 179433 1 0.999268 0.981771 78 1 1775 0.0290512 -0.0247838 0.0449381 1.18704 2.01608 57.5334 
0.5056 0.254425 179561 1 0.999268 0.981771 79 1 1777 0.027886 -0.0257969 0.0436088 1.16696 2.05386 57.5067 
0.519197 0.231772 179627 1 0.999268 0.981771 80 1 1778 0.0287877 -0.0219613 0.0377946 1.19206 2.09964 57.5068 
0.521589 0.253708 179674 1 0.999268 0.981771 81 1 1779 0.0282545 -0.0218574 0.0409507 1.18962 2.06417 57.5238 
0.531855 0.231155 179741 1 0.999268 0.981771 82 1 1780 0.0280593 -0.0203086 0.0376406 1.19978 2.12169 57.5051 
0.522835 0.220555 179803 1 0.999268 0.981771 83 1 1781 0.0287129 -0.023119 0.0381172 1.17561 2.12711 57.603 
0.502401 0.240648 179870 1 0.999268 0.981771 84 1 1782 0.0274231 -0.0260595 0.0409689 1.13621 2.12368 57.5898 
0.446373 1.48196 179978 1 0.999268 0.981771 85 0 1784 0.0281454 -0.0302968 0.0486627 1.084 2.14058 57.7936 
0.554246 1.0891 180042 1 0.999268 0.981771 86 1 1785 0.0298347 -0.0287874 0.0443357 1.08971 2.20746 57.8596 
0.565337 0.933834 180106 1 0.999268 0.981771 87 1 1786 0.028514 -0.0248047 0.0409257 1.12131 2.2676 57.8522 
0.557928 0.827178 180170 1 0.999268 0.981771 88 1 1787 0.0273398 -0.026014 0.0365816 1.09855 2.33883 57.873 
0.565069 0.778396 180234 1 0.999268 0.981771 89 1 1788 0.026958 -0.0251513 0.0366244 1.09954 2.37596 57.9083 
0.565028 0.752543 180281 1 0.999268 0.981771 90 1 1789 0.0270121 -0.0241834 0.0368077 1.10839 2.40341 57.8774 
0.574032 0.725003 180410 1 0.999268 0.981771 91 1 1791 0.0263369 -0.0240803 0.0338656 1.11759 2.46876 57.96 
0.586142 0.767005 180474 1 0.999268 0.981771 92 1 1792 0.0260639 -0.0250209 0.0357163 1.11165 2.46935 57.9176 
0.594559 0.777676 180539 1 0.999268 0.981771 93 1 1793 0.0254439 -0.0253212 0.0339507 1.10821 2.51762 57.9535 
0.6081 0.773326 180587 1 0.999268 0.981771 94 1 1794 0.0278049 -0.0224804 0.0309289 1.13562 2.53859 57.9535 
0.59665 0.769017 180651 1 0.999268 0.981771 95 1 1795 0.0270317 -0.0250596 0.034898 1.11191 2.50346 57.9126 
0.587489 0.793119 180716 1 0.999268 0.981771 96 1 1796 0.0275378 -0.0276717 0.0380331 1.08777 2.44903 57.9444 
0.609555 0.768041 180781 1 0.999268 0.981771 97 1 1797 0.0323573 -0.0262547 0.0384121 1.10997 2.42825 57.9703 
0.601326 0.777826 180890 1 0.999268 0.981771 98 1 1799 0.031063 -0.0248132 0.0360622 1.14946 2.37017 57.7715 
0.584613 0.787741 180955 1 0.999268 0.981771 99 1 1800 0.0329115 -0.0290676 0.0389859 1.1093 2.30752 57.8645 
0.580977 0.771599 181017 1 0.999268 0.981771 100 1 1801 0.0347122 -0.030359 0.0385114 1.1127 2.26876 57.8236 
0.644028 0.748995 181084 1 0.999268 0.981771 101 1 1802 0.0341814 -0.0282659 0.0350776 1.14233 2.30137 57.8343 
0.803748 0.868327 181146 1 0.999268 0.981771 102 1 1803 0.0351539 -0.029327 0.0445799 1.13193 2.17708 57.8142 
0.804499 0.87971 181195 1 0.999268 0.981771 103 1 1804 0.0362937 -0.032167 0.046723 1.11108 2.11341 57.8362 
0.881048 2.61047 181322 1 0.999268 0.981771 104 0 1806 0.0344917 -0.0331582 0.0522802 1.11178 2.06206 57.8523 
0.881048 2.61047 181322 1 0.999268 0.981771 105 0 1806 0.0344917 -0.0331582 0.0522802 1.11178 2.06206 57.8523 
0.853986 1.10158 181449 1 0.999268 0.981771 106 1 1808 0.0356812 -0.0324313 0.0448544 1.14629 2.09167 57.85 
0.842261 0.992119 181499 1 0.999268 0.981771 107 1 1809 0.0369621 -0.0318576 0.0441866 1.15922 2.06769 57.8151 
0.842261 0.992119 181499 1 0.999268 0.981771 108 1 1809 0.0369621 -0.0318576 0.0441866 1.15922 2.06769 57.8151 
0.842261 0.992119 181499 1 0.999268 0.981771 109 1 1809 0.0369621 -0.0318576 0.0441866 1.15922 2.06769 57.8151 
0.822812 0.866994 181753 1 0.999268 0.981771 110 1 1813 0.036247 -0.0311571 0.0433796 1.15104 2.04142 57.722 
0.833784 0.835164 181801 1 0.999268 0.981771 111 1 1814 0.0369305 -0.0308429 0.0442304 1.14393 2.01309 57.7495 
0.818332 0.841113 181865 1 0.999268 0.981771 112 1 1815 0.0357356 -0.0337298 0.0439128 1.10327 2.00572 57.7072 
0.810914 0.805031 181929 1 0.999268 0.981771 113 1 1816 0.0369113 -0.0321479 0.0402064 1.10237 2.02815 57.822 
0.797491 0.775759 181996 1 0.999268 0.981771 114 1 1817 0.036095 -0.0330415 0.0435275 1.08908 1.99075 57.7284 
0.793095 0.75523 182106 1 0.999268 0.981771 115 1 1819 0.0336655 -0.0333335 0.0404027 1.06117 2.027 57.7146 
0.816122 0.781751 182170 1 0.999268 0.981771 116 1 1820 0.0337754 -0.0287435 0.0444796 1.09202 2.0035 57.6893 
0.796857 0.782197 182234 1 0.999268 0.981771 117 1 1821 0.0344214 -0.0322523 0.046142 1.06029 1.9986 57.767 
0.808056 0.754768 182302 1 0.999268 0.981771 118 1 1822 0.0360686 -0.0308137 0.0440295 1.09763 2.018 57.752 
0.802748 0.773114 182410 1 0.999268 0.981771 119 1 1824 0.0354864 -0.0328538 0.0439939 1.10874 1.98572 57.7057 
0.810035 0.739788 182473 1 0.999268 0.981771 120 1 1825 0.035444 -0.0324146 0.0399374 1.10929 2.05125 57.7422 
0.801421 0.788733 182537 1 0.999268 0.981771 121 1 1826 0.0348068 -0.0325056 0.0453016 1.09313 2.02035 57.7807 
0.801573 0.746867 182602 1 0.999268 0.981771 122 1 1827 0.0334564 -0.0306213 0.0397607 1.09597 2.08843 57.7421 
0.836811 0.767483 182666 1 0.999268 0.981771 123 1 1828 0.0325977 -0.0260689 0.0399486 1.12747 2.1407 57.7353 
0.814847 0.754753 182714 1 0.999268 0.981771 124 1 1829 0.0341209 -0.0272502 0.0352393 1.09124 2.23148 57.809 
0.831595 0.763093 182779 1 0.938507 0.946615 125 1 1830 0.0335884 -0.0270631 0.0362602 1.09617 2.2329 57.7921 
0.797106 0.74873 182843 1 0.816984 0.842448 126 1 1831 0.0338266 -0.0306049 0.038124 1.1135 2.20319 57.8494 
0.800997 0.767457 182905 1 0.786237 0.802083 127 1 1832 0.0349437 -0.032264 0.0402871 1.09958 2.21009 57.8538 
0.803277 0.765534 183017 1 0.779649 0.798177 128 1 1834 0.0326598 -0.0293483 0.0375571 1.13153 2.27805 57.8807 
0.822199 0.794171 183081 1 0.779649 0.798177 129 1 1835 0.0343288 -0.0279058 0.0397897 1.16333 2.28984 57.8736 
0.807324 0.790984 183146 1 0.779649 0.798177 130 1 1836 0.0344876 -0.0303024 0.0393794 1.16149 2.31456 57.896 
0.797048 0.760025 183211 1 0.779649 0.798177 131 1 1837 0.0353557 -0.0295336 0.0349183 1.16358 2.3809 57.9135 
0.804915 0.815239 183258 1 0.779649 0.798177 132 1 1838 0.0331089 -0.0295785 0.03619 1.1498 2.39722 57.8513 
0.808227 0.795092 183321 1 0.779649 0.798177 133 1 1839 0.0314956 -0.0278169 0.0374132 1.14337 2.43887 57.9217 
0.750473 0.704038 183385 1 0.779649 0.798177 134 1 1840 0.0308443 -0.0299328 0.0328497 1.0995 2.51628 57.9756 
0.783251 0.712714 183450 1 0.771596 0.828125 135 1 1841 0.0322481 -0.0277406 0.0326281 1.12766 2.5216 58.0194 
0.755273 0.692564 183515 1 0.741581 0.897135 136 1 1842 0.0334429 -0.0310147 0.0337078 1.12515 2.51242 58.0317 
0.766245 0.686029 183562 1 0.707906 0.96875 137 1 1843 0.0333976 -0.0271186 0.0339768 1.18047 2.48319 57.9584 
0.748226 0.719828 183690 1 0.683016 0.998698 138 1 1845 0.035177 -0.0309493 0.0374272 1.15895 2.37095 57.9453 
0.758998 0.725619 183754 1 0.680088 0.998698 139 1 1846 0.0354697 -0.0277051 0.0388054 1.19261 2.33054 57.8823 
0.753817 0.714639 183818 1 0.681552 0.998698 140 1 1847 0.0342874 -0.0275772 0.0360351 1.20068 2.31346 57.8765 
0.718586 0.926675 183866 1 0.681552 0.998698 141 1 1848 0.0353583 -0.0308947 0.0396218 1.15904 2.27002 57.9408 
0.353008 2.21929 183930 1 0.681552 0.998698 142 0 1849 0.0374494 -0.0346236 0.0378175 1.15857 2.24106 58.0432 
0.518166 1.51617 184058 1 0.681552 0.998698 143 0 1851 0.0393122 -0.0382408 0.0532311 1.16874 2.03835 57.9566 
0.518166 1.51617 184058 1 0.681552 0.998698 144 0 1851 0.0393122 -0.0382408 0.0532311 1.16874 2.03835 57.9566 
0.591826 1.33581 184169 1 0.681552 0.998698 145 0 1853 0.0387037 -0.0336991 0.0489861 1.23908 2.0069 57.7948 
0.927083 1.3248 184234 1 0.712299 0.998698 146 0 1854 0.0392755 -0.038873 0.0504781 1.16781 1.99223 57.9025 
0.921939 1.21173 184298 1 0.765007 0.998698 147 0 1855 0.0388515 -0.0428522 0.0490253 1.10519 1.98736 57.9706 
0.942029 1.19102 184362 1 0.814056 0.998698 148 1 1856 0.0387557 -0.0358266 0.0449822 1.15868 2.00963 57.9022 
0.923895 1.11532 184426 1 0.851391 0.998698 149 1 1857 0.0392932 -0.0371402 0.0438787 1.15638 2.01832 57.9018 
0.928512 1.11486 184475 1 0.880673 0.998698 150 1 1858 0.0407334 -0.0394717 0.0447727 1.14374 1.9982 57.9221 
0.981587 1.09923 184601 1 0.898243 0.998698 151 1 1860 0.0404969 -0.0407331 0.0461655 1.12541 2.00437 57.9629 
0.976613 1.01633 184666 1 0.871889 0.998698 152 1 1861 0.0403145 -0.0406967 0.0374579 1.14377 2.10629 58.0888 
0.976613 1.01633 184666 1 0.681552 0.998698 153 1 1861 0.0403145 -0.0406967 0.0374579 1.14377 2.10629 58.0888 
0.976613 1.01633 184666 1 0.592972 0.998698 154 1 1861 0.0403145 -0.0406967 0.0374579 1.14377 2.10629 58.0888 
0.976613 1.01633 184666 1 0.551977 0.989583 155 1 1861 0.0403145 -0.0406967 0.0374579 1.14377 2.10629 58.0888 
0.52895 1.04371 184906 1 0.539531 0.986979 156 1 1865 0.0410377 -0.0385285 0.0387407 1.20591 2.06401 57.9619 
0.547338 1.03536 184970 1 0.529283 0.981771 157 1 1866 0.0421064 -0.0346041 0.0343746 1.25669 2.09901 57.9562 
0.552298 1.03481 185033 1 0.528551 0.980469 158 1 1867 0.0414459 -0.0357618 0.0402181 1.2501 2.0153 57.8956 
0.540256 1.02422 185146 1 0.528551 0.980469 159 1 1869 0.0422549 -0.0352245 0.0396331 1.27194 2.01236 57.8649 
0.526034 1.03704 185210 1 0.528551 0.980469 160 1 1870 0.041937 -0.0361652 0.0399401 1.29353 1.99227 57.8548 
0.533866 1.0423 185274 1 0.528551 0.980469 161 1 1871 0.0444139 -0.036848 0.0411244 1.34086 1.96692 57.8871 
0.524129 1.05179 185338 1 0.528551 0.980469 162 1 1872 0.0438912 -0.0403595 0.0470268 1.26165 1.81014 57.8511 
0.530741 1.02738 185386 1 0.528551 0.980469 163 1 1873 0.0383464 -0.0377672 0.0391314 1.12204 1.86671 57.7273 
0.540389 1.08353 185453 1 0.528551 0.980469 164 1 1874 0.0339114 -0.0308949 0.0344913 1.23865 2.02586 57.7588 
0.513368 0.544378 185578 1 0.528551 0.980469 165 1 1876 0.049398 -0.0339563 0.0297901 1.48004 2.14924 57.8574 
0.513368 0.544378 185578 1 0.528551 0.980469 166 1 1876 0.049398 -0.0339563 0.0297901 1.48004 2.14924 57.8574 
0.4318 0.51801 185692 1 0.528551 0.980469 167 1 1878 0.0393066 -0.0319568 0.039435 1.25307 2.12984 57.7638 
0.293531 0.363334 185754 1 0.468521 0.772135 168 1 1879 0.0414707 -0.0326327 0.0303827 1.31178 2.2506 57.8297 
0.299207 0.367666 185817 1 0.385798 0.518229 169 1 1880 0.044025 -0.0329174 0.0327936 1.38282 2.21539 57.8267 
0.27536 0.413762 185883 1 0.318448 0.363281 170 1 1881 0.042578 -0.0351924 0.0430599 1.35527 2.12811 57.8125 
0.261125 0.311249 185947 1 0.300878 0.352865 171 1 1882 0.0409089 -0.0285713 0.0243474 1.40806 2.38228 57.8164 
0.267013 0.307996 186058 1 0.278917 0.352865 172 1 1884 0.041996 -0.0264491 0.0213555 1.51135 2.54237 57.8719 
0.24358 0.369249 186121 1 0.273792 0.358073 173 1 1885 0.0430664 -0.0309363 0.0278663 1.47753 2.47165 57.9001 
0.263386 0.350628 186185 1 0.264275 0.365885 174 1 1886 0.0438609 -0.0269308 0.0266767 1.51905 2.53165 57.8527 
0.251218 0.361671 186249 1 0.264275 0.365885 175 1 1887 0.0440953 -0.0316408 0.029073 1.48309 2.52085 57.9701 
0.214484 0.358542 186362 1 0.264275 0.365885 176 1 1889 0.0471914 -0.0350308 0.0273821 1.49144 2.55259 58.0194 
